4294967294,0
4294967278,40
4294967279,287
4294967278,354
31,4
31,1
22,4
4294967278,417
4294967279,284
4294967278,233
4294967279,282
4294967278,42
4294967278,41
4294967279,383
4294967278,43
4294967278,416
4294967278,415
4294967279,382
4294967278,46
4294967278,45
4294967278,44
4294967279,547
4294967279,545
4294967279,544
4294967279,543
4294967279,564
4294967278,414
4294967278,413
4294967279,540
4294967279,381
4294967278,47
4294967279,536
4294967278,50
4294967278,49
4294967278,48
4294967279,534
4294967278,412
4294967278,411
4294967278,54
4294967278,53
4294967278,52
4294967278,51
4294967279,340
4294967279,352
4294967278,410
4294967279,526
4294967278,314
4294967279,562
4294967278,330
4294967279,338
4294967278,291
4294967279,522
4294967278,364
4294967278,325
4294967279,350
4294967278,409
4294967279,333
4294967278,56
4294967278,55
4294967279,518
4294967279,322
4294967279,380
4294967278,58
4294967278,57
4294967279,515
4294967279,349
4294967279,514
4294967278,408
4294967278,407
4294967279,379
4294967278,61
4294967278,60
4294967278,59
4294967279,83
4294967279,82
4294967279,81
4294967279,79
4294967279,324
4294967278,406
4294967279,378
4294967279,331
4294967279,360
4294967279,320
4294967279,326
4294967278,405
4294967279,359
4294967278,404
4294967279,330
4294967278,403
4294967279,313
4294967279,358
4294967279,312
4294967279,311
4294967279,336
4294967279,309
4294967279,377
4294967279,78
4294967279,76
4294967279,75
4294967279,74
4294967279,294
4294967279,315
4294967278,402
4294967279,293
4294967279,307
4294967279,73
4294967279,70
4294967279,68
4294967279,67
4294967279,65
4294967279,64
4294967279,277
4294967279,276
4294967279,357
4294967279,335
4294967279,289
4294967279,376
4294967279,261
4294967279,329
4294967279,270
4294967279,323
4294967279,268
4294967279,298
4294967279,285
4294967279,63
4294967279,334
4294967279,375
4294967279,61
4294967279,60
4294967279,59
4294967279,58
4294967279,57
4294967279,55
4294967279,53
4294967279,51
4294967279,49
4294967279,48
4294967279,575
4294967279,304
4294967278,401
4294967279,275
4294967278,400
4294967279,280
4294967278,379
4294967278,378
4294967278,377
4294967278,256
4294967278,376
4294967278,375
4294967279,374
4294967278,255
4294967278,374
4294967278,373
4294967279,174
4294967279,2
4294967279,47
4294967279,46
4294967279,44
4294967278,372
4294967278,371
4294967278,251
4294967279,373
4294967278,249
4294967278,247
4294967278,245
4294967279,372
4294967279,260
4294967278,243
4294967278,241
4294967279,371
4294967278,239
4294967279,40
4294967279,39
4294967279,34
4294967278,370
4294967278,338
4294967278,235
4294967278,231
4294967278,229
4294967278,227
4294967278,223
4294967278,221
4294967278,219
4294967278,217
4294967278,215
4294967278,363
4294967279,32
4294967279,31
4294967279,29
4294967279,28
4294967279,27
4294967279,26
4294967279,24
4294967279,22
4294967279,21
4294967279,17
4294967279,15
4294967279,13
4294967279,12
4294967279,10
4294967278,362
4294967278,361
4294967278,360
4294967278,359
4294967278,358
4294967278,368
4294967278,357
4294967278,356
4294967278,355
4294967278,387
4294967279,370
4294967278,353
4294967294,30
4294967294,1237
4294967294,1236
4294967294,1234
4294967294,1233
4294967294,1228
4294967294,1062
4294967294,1059
4294967294,60
4294967294,1082
4294967294,1073
4294967294,1066
4294967294,422
4294967294,182
4294967294,161
4294967294,43
4294967294,417
4294967294,92
4294967294,82
4294967278,352
4294967278,351
4294967278,350
4294967279,369
4294967278,399
4294967278,367
4294967278,398
4294967278,347
4294967278,345
4294967294,5
4294967278,344
4294967279,368
4294967278,343
4294967279,193
4294967278,342
4294967278,341
4294967279,537
4294967278,340
4294967278,339
4294967279,354
4294967278,397
4294967278,0
4294967278,337
4294967278,336
4294967279,367
4294967279,0
4294967278,335
4294967279,531
4294967278,366
40,4
4294967294,1160
4294967294,1159
4294967294,1157
4294967294,1156
4294967294,1155
4294967294,1153
4294967294,1085
4294967294,1084
4294967294,1080
4294967294,1077
4294967294,1076
4294967294,1074
4294967294,1070
4294967294,1067
4294967294,1065
4294967294,185
4294967294,163
4294967294,50
4294967294,477
4294967294,427
4294967294,1166
4294967294,1163
4294967279,353
4294967294,7
4294967278,334
4294967294,6
21,6
21,5
21,2
19,4
21,4
4294967278,132
4294967278,131
4294967278,130
4294967278,129
4294967278,128
4294967278,127
4294967278,126
4294967278,125
4294967278,124
4294967278,123
4294967278,122
4294967278,121
4294967278,120
4294967278,119
4294967278,118
4294967278,117
4294967278,116
4294967278,115
4294967278,114
4294967278,113
4294967278,112
4294967278,111
4294967278,110
4294967278,109
4294967278,108
4294967278,107
4294967278,106
4294967278,105
4294967278,104
4294967278,103
4294967278,102
4294967278,101
4294967278,100
4294967278,99
4294967278,98
4294967278,97
